18557,50,0,24055,涛之圣石,涛之圣石\n传说中波拉岛水属性的宝石可遇敌120雷龙,1,
20210,10,0,22310,威士忌,未硎澜绲木\nw力10c重新分配,1,
20211,10,0,22312,白兰地,未硎澜绲木\n腕力10c重新分配,1,
20212,10,0,22311,高梁酒,未硎澜绲木\n耐力10c重新分配,1,
20213,10,0,22314,伏特加,未硎澜绲木\n敏捷10c重新分配,1,
20227,50,0,24052,100W石币,100W石币\n使用该石币可获得100W石币,1,
20226,100,0,24236,智慧之果2,智慧之果2\n使用後获得经验值上升100%使用时间10小时,1,
20253,100,0,35263,尚青啤酒,尚青啤酒\n未来世界的酒       人物属性反向改变1点,1,
20254,100,0,35264,鸡尾酒,鸡尾酒\n未来世界的酒       人物属性正向改变1点,1,
20255,100,0,24709,纯真首饰,纯真首饰\n装备后将完全不遇敌,1,
20228,30,0,22171,变身戒指,变身戒指\n使用该戒指可变身为精灵王1小时,1,
20229,100,0,22171,运气戒指,运气戒指\n使用该戒指运气可更改为小吉,1,
20230,100,0,22171,运气戒指,运气戒指\n使用该戒指运气可更改为中吉,1,
20231,100,0,22171,运气戒指,运气戒指\n使用该戒指运气可更改为大吉,1,
20232,100,0,22171,变色戒指,变色戒指\n可以帮你变成红色,1,
20233,100,0,22171,变色戒指,变色戒指\n可以帮你变成绿色,1,
20234,100,0,22171,变色戒指,变色戒指\n可以帮你变成黄色,1,
20235,100,0,22171,变色戒指,变色戒指\n可以帮你变成灰色,1,
20236,100,0,22171,变色戒指,变色戒指\n可以帮你变成白色,1,
20237,100,0,22171,变色戒指,变色戒指\n可以帮你变成黑色,1,
20238,100,0,22171,变色戒指,变色戒指\n可以帮你随机变色,1,
20239,100,0,22171,神奇戒指,神奇戒指\n可以帮你更改造型为豆丁囝,1,
20240,100,0,22171,神奇戒指,神奇戒指\n可以帮你更改造型为赛亚人,1,
20241,100,0,22171,神奇戒指,神奇戒指\n可以帮你更改造型为辫子男孩,1,
20242,100,0,22171,神奇戒指,神奇戒指\n可以帮你更改造型为酷哥,1,
20243,100,0,22171,神奇戒指,神奇戒指\n可以帮你更改造型为熊皮男,1,
20244,100,0,22171,神奇戒指,神奇戒指\n可以帮你更改造型为大只佬,1,
20245,100,0,22171,神奇戒指,神奇戒指\n可以帮你更改造型为豆丁囡,1,
20246,100,0,22171,神奇戒指,神奇戒指\n可以帮你更改造型为熊皮妹,1,
20247,100,0,22171,神奇戒指,神奇戒指\n可以帮你更改造型为帽子妹,1,
20248,100,0,22171,神奇戒指,神奇戒指\n可以帮你更改造型为短发夹妹,1,
20249,100,0,22171,神奇戒指,神奇戒指\n可以帮你更改造型为手套女,1,
20250,100,0,22171,神奇戒指,神奇戒指\n可以帮你更改造型为辣妹,1,
20251,100,0,22171,神奇戒指,神奇戒指\随机帮你更改造型,1,
20252,100,0,22171,变性戒指,变性戒指\n可以帮你更改性别,1,